95
55 4 1 ¡
55 5 1 ¢
55 6 1 £
55 7 1 ¤
55 8 1 ¥
55 9 1 ¦
55 10 1 §
55 11 1 ¨
55 12 1 ©
55 13 1 ª
55 14 1 «
55 15 1 ¬
55 16 1 ­
55 17 1 ®
55 18 1 ¯
55 19 1 °
55 20 1 ±
55 21 1 ²
55 22 1 ³
55 23 1 ´
55 24 1 µ
55 25 1 ¶
55 26 1 ·
55 27 1 ¸
55 28 1 ¹
55 29 1 º
55 30 1 »
55 31 1 ¼
55 32 1 ½
55 33 1 ¾
55 34 1 ¿
55 35 1 À
55 36 1 Á
55 37 1 Â
55 38 1 Ã
55 39 1 Ä
55 40 1 Å
55 41 1 Æ
55 42 1 Ç
55 43 1 È
55 44 1 É
55 45 1 Ê
55 46 1 Ë
55 47 1 Ì
55 48 1 Í
55 49 1 Î
55 50 1 Ï
55 51 1 Ð
55 52 1 Ñ
55 53 1 Ò
55 54 1 Ó
55 55 1 Ô
55 56 1 Õ
55 57 1 Ö
55 58 1 ×
55 59 1 Ø
55 60 1 Ù
55 61 1 Ú
55 62 1 Û
55 63 1 Ü
55 64 1 Ý
55 65 1 Þ
55 66 1 ß
55 67 1 à
55 68 1 á
55 69 1 â
55 70 1 ã
55 71 1 ä
55 72 1 å
55 73 1 æ
55 74 1 ç
55 75 1 è
55 76 1 é
55 77 1 ê
55 78 1 ë
55 79 1 ì
55 80 1 í
55 81 1 î
55 82 1 ï
55 83 1 ð
55 84 1 ñ
55 85 1 ò
55 86 1 ó
55 87 1 ô
55 88 1 õ
55 89 1 ö
55 90 1 ÷
55 91 1 ø
55 92 1 ù
55 93 1 ú
55 94 1 û
55 95 1 ü
55 97 1 þ
55 98 1 ÿ
55 99 1 7
